(350, 2870) --> (350, 2869)
(350, 2869) --> (350, 2868)
(350, 2868) --> (350, 2867)
(350, 2867) --> (350, 2866)
(350, 2866) --> (350, 2865)
(350, 2865) --> (350, 2864)
(350, 2864) --> (350, 2863)
(350, 2863) --> (350, 2862)
(350, 2862) --> (350, 2861)
(350, 2861) --> (350, 2860)
(350, 2860) --> (350, 2859)
(350, 2859) --> (350, 2858)
(350, 2858) --> (350, 2857)
(350, 2857) --> (350, 2856)
(350, 2856) --> (350, 2855)
(350, 2855) --> (350, 2854)
(350, 2854) --> (350, 2853)
(350, 2853) --> (350, 2852)
(350, 2852) --> (350, 2851)
(350, 2851) --> (350, 2850)
(350, 2850) --> (350, 2849)
(350, 2849) --> (350, 2848)
(350, 2848) --> (350, 2847)
(350, 2847) --> (350, 2846)
(350, 2846) --> (350, 2845)
(350, 2845) --> (350, 2844)
(350, 2844) --> (350, 2843)
(350, 2843) --> (350, 2842)
(350, 2842) --> (350, 2841)
(350, 2841) --> (350, 2840)
(350, 2840) --> (350, 2839)
(350, 2839) --> (350, 2838)
(350, 2838) --> (350, 2837)
(350, 2837) --> (350, 2836)
(350, 2836) --> (350, 2835)
(350, 2835) --> (350, 2834)
(350, 2834) --> (350, 2833)
(350, 2833) --> (350, 2832)
(350, 2832) --> (350, 2831)
(350, 2831) --> (350, 2830)
(350, 2830) --> (350, 2829)
(350, 2829) --> (350, 2828)
(350, 2828) --> (350, 2827)
(350, 2827) --> (350, 2826)
(350, 2826) --> (350, 2825)
(350, 2825) --> (350, 2824)
(350, 2824) --> (350, 2823)
(350, 2823) --> (350, 2822)
(350, 2822) --> (350, 2821)
(350, 2821) --> (350, 2820)
(350, 2820) --> (350, 2819)
(350, 2819) --> (350, 2818)
(350, 2818) --> (350, 2817)
(350, 2817) --> (350, 2816)
(350, 2816) --> (350, 2815)
(350, 2815) --> (350, 2814)
(350, 2814) --> (350, 2813)
(350, 2813) --> (350, 2812)
(350, 2812) --> (350, 2811)
(350, 2811) --> (350, 2810)
(350, 2810) --> (350, 2809)
(350, 2809) --> (350, 2808)
(350, 2808) --> (350, 2807)
(350, 2807) --> (350, 2806)
(350, 2806) --> (350, 2805)
(350, 2805) --> (350, 2804)
(350, 2804) --> (350, 2803)
(350, 2803) --> (350, 2802)
(350, 2802) --> (350, 2801)
(350, 2801) --> (350, 2800)
(350, 2800) --> (350, 2799)
(350, 2799) --> (350, 2798)
(350, 2798) --> (350, 2797)
(350, 2797) --> (350, 2796)
(350, 2796) --> (350, 2795)
(350, 2795) --> (350, 2794)
(350, 2794) --> (350, 2793)
(350, 2793) --> (350, 2792)
(350, 2792) --> (350, 2791)
(350, 2791) --> (350, 2790)
(350, 2790) --> (350, 2789)
(350, 2789) --> (350, 2788)
(350, 2788) --> (350, 2787)
(350, 2787) --> (351, 2787)
(351, 2787) --> (351, 2786)
(351, 2786) --> (351, 2785)
(351, 2785) --> (351, 2784)
(351, 2784) --> (352, 2784)
(352, 2784) --> (352, 2783)
(352, 2783) --> (352, 2782)
(352, 2782) --> (352, 2781)
(352, 2781) --> (352, 2780)
(352, 2780) --> (353, 2780)
(353, 2780) --> (353, 2779)
(353, 2779) --> (354, 2779)
(354, 2779) --> (354, 2778)
(354, 2778) --> (354, 2777)
(354, 2777) --> (354, 2776)
(354, 2776) --> (355, 2776)
(355, 2776) --> (355, 2775)
(355, 2775) --> (355, 2774)
(355, 2774) --> (355, 2773)
(355, 2773) --> (356, 2773)
(356, 2773) --> (356, 2772)
(356, 2772) --> (356, 2771)
(356, 2771) --> (356, 2770)
(356, 2770) --> (357, 2770)
(357, 2770) --> (357, 2769)
(357, 2769) --> (357, 2768)
(357, 2768) --> (357, 2767)
(357, 2767) --> (357, 2766)
(357, 2766) --> (357, 2765)
(357, 2765) --> (358, 2765)
(358, 2765) --> (358, 2764)
(358, 2764) --> (358, 2763)
(358, 2763) --> (358, 2762)
(358, 2762) --> (359, 2762)
(359, 2762) --> (359, 2761)
(359, 2761) --> (359, 2760)
(359, 2760) --> (359, 2759)
(359, 2759) --> (359, 2758)
(359, 2758) --> (359, 2757)
(359, 2757) --> (360, 2757)
(360, 2757) --> (360, 2756)
(360, 2756) --> (361, 2756)
(361, 2756) --> (361, 2755)
(361, 2755) --> (361, 2754)
(361, 2754) --> (361, 2753)
(361, 2753) --> (362, 2753)
(362, 2753) --> (362, 2752)
(362, 2752) --> (362, 2751)
(362, 2751) --> (362, 2750)
(362, 2750) --> (362, 2749)
(362, 2749) --> (362, 2748)
(362, 2748) --> (362, 2747)
(362, 2747) --> (363, 2747)
(363, 2747) --> (363, 2746)
(363, 2746) --> (363, 2745)
(363, 2745) --> (364, 2745)
(364, 2745) --> (364, 2744)
(364, 2744) --> (364, 2743)
(364, 2743) --> (365, 2743)
(365, 2743) --> (365, 2742)
(365, 2742) --> (366, 2742)
(366, 2742) --> (367, 2742)
(367, 2742) --> (367, 2741)
(367, 2741) --> (368, 2741)
(368, 2741) --> (368, 2740)
(368, 2740) --> (369, 2740)
(369, 2740) --> (369, 2739)
(369, 2739) --> (369, 2738)
(369, 2738) --> (370, 2738)
(370, 2738) --> (370, 2737)
(370, 2737) --> (371, 2737)
(371, 2737) --> (371, 2736)
(371, 2736) --> (371, 2735)
(371, 2735) --> (372, 2735)
(372, 2735) --> (372, 2734)
(372, 2734) --> (373, 2734)
(373, 2734) --> (374, 2734)
(374, 2734) --> (374, 2733)
(374, 2733) --> (375, 2733)
(375, 2733) --> (376, 2733)
(376, 2733) --> (376, 2732)
(376, 2732) --> (377, 2732)
(377, 2732) --> (378, 2732)
(378, 2732) --> (379, 2732)
(379, 2732) --> (380, 2732)
(380, 2732) --> (381, 2732)
(381, 2732) --> (381, 2731)
(381, 2731) --> (381, 2730)
(381, 2730) --> (381, 2729)
(381, 2729) --> (382, 2729)
(382, 2729) --> (383, 2729)
(383, 2729) --> (383, 2728)
(383, 2728) --> (384, 2728)
(384, 2728) --> (384, 2727)
(384, 2727) --> (385, 2727)
(385, 2727) --> (386, 2727)
(386, 2727) --> (386, 2726)
(386, 2726) --> (387, 2726)
(387, 2726) --> (387, 2725)
(387, 2725) --> (388, 2725)
(388, 2725) --> (389, 2725)
(389, 2725) --> (389, 2724)
(389, 2724) --> (390, 2724)
(390, 2724) --> (391, 2724)
(391, 2724) --> (391, 2723)
(391, 2723) --> (392, 2723)
(392, 2723) --> (393, 2723)
(393, 2723) --> (393, 2722)
(393, 2722) --> (394, 2722)
(394, 2722) --> (394, 2721)
(394, 2721) --> (394, 2720)
(394, 2720) --> (394, 2719)
(394, 2719) --> (395, 2719)
(395, 2719) --> (395, 2718)
(395, 2718) --> (395, 2717)
(395, 2717) --> (396, 2717)
(396, 2717) --> (396, 2716)
(396, 2716) --> (397, 2716)
(397, 2716) --> (397, 2715)
(397, 2715) --> (398, 2715)
(398, 2715) --> (398, 2714)
(398, 2714) --> (398, 2713)
(398, 2713) --> (399, 2713)
(399, 2713) --> (399, 2712)
(399, 2712) --> (400, 2712)
(400, 2712) --> (400, 2711)
(400, 2711) --> (401, 2711)
(401, 2711) --> (401, 2710)
(401, 2710) --> (402, 2710)
(402, 2710) --> (402, 2709)
(402, 2709) --> (403, 2709)
(403, 2709) --> (403, 2708)
(403, 2708) --> (403, 2707)
(403, 2707) --> (403, 2706)
(403, 2706) --> (403, 2705)
(403, 2705) --> (403, 2704)
(403, 2704) --> (404, 2704)
(404, 2704) --> (404, 2703)
(404, 2703) --> (405, 2703)
(405, 2703) --> (405, 2702)
(405, 2702) --> (406, 2702)
(406, 2702) --> (406, 2701)
(406, 2701) --> (406, 2700)
(406, 2700) --> (407, 2700)
(407, 2700) --> (407, 2699)
(407, 2699) --> (407, 2698)
(407, 2698) --> (408, 2698)
(408, 2698) --> (408, 2697)
(408, 2697) --> (408, 2696)
(408, 2696) --> (409, 2696)
(409, 2696) --> (409, 2695)
(409, 2695) --> (409, 2694)
(409, 2694) --> (409, 2693)
(409, 2693) --> (409, 2692)
(409, 2692) --> (409, 2691)
(409, 2691) --> (410, 2691)
(410, 2691) --> (410, 2690)
(410, 2690) --> (410, 2689)
(410, 2689) --> (411, 2689)
(411, 2689) --> (411, 2688)
(411, 2688) --> (411, 2687)
(411, 2687) --> (412, 2687)
(412, 2687) --> (412, 2686)
(412, 2686) --> (412, 2685)
(412, 2685) --> (412, 2684)
(412, 2684) --> (412, 2683)
(412, 2683) --> (412, 2682)
(412, 2682) --> (412, 2681)
(412, 2681) --> (413, 2681)
(413, 2681) --> (413, 2680)
(413, 2680) --> (414, 2680)
(414, 2680) --> (414, 2679)
(414, 2679) --> (414, 2678)
(414, 2678) --> (415, 2678)
(415, 2678) --> (416, 2678)
(416, 2678) --> (416, 2677)
(416, 2677) --> (416, 2676)
(416, 2676) --> (417, 2676)
(417, 2676) --> (417, 2675)
(417, 2675) --> (418, 2675)
(418, 2675) --> (418, 2674)
(418, 2674) --> (419, 2674)
(419, 2674) --> (420, 2674)
(420, 2674) --> (420, 2673)
(420, 2673) --> (420, 2672)
(420, 2672) --> (421, 2672)
(421, 2672) --> (422, 2672)
(422, 2672) --> (422, 2671)
(422, 2671) --> (422, 2670)
(422, 2670) --> (422, 2669)
(422, 2669) --> (423, 2669)
(423, 2669) --> (424, 2669)
(424, 2669) --> (424, 2668)
(424, 2668) --> (425, 2668)
(425, 2668) --> (426, 2668)
(426, 2668) --> (427, 2668)
(427, 2668) --> (427, 2667)
(427, 2667) --> (428, 2667)
(428, 2667) --> (428, 2666)
(428, 2666) --> (429, 2666)
(429, 2666) --> (429, 2665)
(429, 2665) --> (430, 2665)
(430, 2665) --> (431, 2665)
(431, 2665) --> (431, 2664)
(431, 2664) --> (432, 2664)
(432, 2664) --> (432, 2663)
(432, 2663) --> (433, 2663)
(433, 2663) --> (433, 2662)
(433, 2662) --> (433, 2661)
(433, 2661) --> (434, 2661)
(434, 2661) --> (435, 2661)
(435, 2661) --> (436, 2661)
(436, 2661) --> (436, 2660)
(436, 2660) --> (436, 2659)
(436, 2659) --> (437, 2659)
(437, 2659) --> (437, 2658)
(437, 2658) --> (437, 2657)
(437, 2657) --> (437, 2656)
(437, 2656) --> (438, 2656)
(438, 2656) --> (438, 2655)
(438, 2655) --> (438, 2654)
(438, 2654) --> (439, 2654)
(439, 2654) --> (440, 2654)
(440, 2654) --> (441, 2654)
(441, 2654) --> (442, 2654)
(442, 2654) --> (442, 2653)
(442, 2653) --> (442, 2652)
(442, 2652) --> (442, 2651)
(442, 2651) --> (442, 2650)
(442, 2650) --> (442, 2649)
(442, 2649) --> (442, 2648)
(442, 2648) --> (442, 2647)
(442, 2647) --> (442, 2646)
(442, 2646) --> (442, 2645)
(442, 2645) --> (443, 2645)
(443, 2645) --> (443, 2644)
(443, 2644) --> (444, 2644)
(444, 2644) --> (444, 2643)
(444, 2643) --> (444, 2642)
(444, 2642) --> (444, 2641)
(444, 2641) --> (445, 2641)
(445, 2641) --> (445, 2640)
(445, 2640) --> (446, 2640)
(446, 2640) --> (446, 2639)
(446, 2639) --> (446, 2638)
(446, 2638) --> (446, 2637)
(446, 2637) --> (446, 2636)
(446, 2636) --> (447, 2636)
(447, 2636) --> (447, 2635)
(447, 2635) --> (447, 2634)
(447, 2634) --> (448, 2634)
(448, 2634) --> (448, 2633)
(448, 2633) --> (448, 2632)
(448, 2632) --> (448, 2631)
(448, 2631) --> (449, 2631)
(449, 2631) --> (449, 2630)
(449, 2630) --> (449, 2629)
(449, 2629) --> (450, 2629)
(450, 2629) --> (450, 2628)
(450, 2628) --> (450, 2627)
(450, 2627) --> (451, 2627)
(451, 2627) --> (451, 2626)
(451, 2626) --> (452, 2626)
(452, 2626) --> (453, 2626)
(453, 2626) --> (453, 2625)
(453, 2625) --> (453, 2624)
(453, 2624) --> (453, 2623)
(453, 2623) --> (453, 2622)
(453, 2622) --> (453, 2621)
(453, 2621) --> (454, 2621)
(454, 2621) --> (454, 2620)
(454, 2620) --> (455, 2620)
(455, 2620) --> (455, 2619)
(455, 2619) --> (456, 2619)
(456, 2619) --> (457, 2619)
(457, 2619) --> (458, 2619)
(458, 2619) --> (458, 2618)
(458, 2618) --> (458, 2617)
(458, 2617) --> (459, 2617)
(459, 2617) --> (459, 2616)
(459, 2616) --> (459, 2615)
(459, 2615) --> (459, 2614)
(459, 2614) --> (459, 2613)
(459, 2613) --> (459, 2612)
(459, 2612) --> (459, 2611)
(459, 2611) --> (460, 2611)
(460, 2611) --> (461, 2611)
(461, 2611) --> (462, 2611)
(462, 2611) --> (462, 2610)
(462, 2610) --> (463, 2610)
(463, 2610) --> (463, 2609)
(463, 2609) --> (464, 2609)
(464, 2609) --> (464, 2608)
(464, 2608) --> (464, 2607)
(464, 2607) --> (465, 2607)
(465, 2607) --> (466, 2607)
(466, 2607) --> (466, 2606)
(466, 2606) --> (467, 2606)
(467, 2606) --> (467, 2605)
(467, 2605) --> (467, 2604)
(467, 2604) --> (468, 2604)
(468, 2604) --> (468, 2603)
(468, 2603) --> (468, 2602)
(468, 2602) --> (468, 2601)
(468, 2601) --> (469, 2601)
(469, 2601) --> (469, 2600)
(469, 2600) --> (470, 2600)
(470, 2600) --> (470, 2599)
(470, 2599) --> (470, 2598)
(470, 2598) --> (471, 2598)
(471, 2598) --> (471, 2597)
(471, 2597) --> (471, 2596)
(471, 2596) --> (471, 2595)
(471, 2595) --> (472, 2595)
(472, 2595) --> (472, 2594)
(472, 2594) --> (473, 2594)
(473, 2594) --> (473, 2593)
(473, 2593) --> (474, 2593)
(474, 2593) --> (474, 2592)
(474, 2592) --> (475, 2592)
(475, 2592) --> (475, 2591)
(475, 2591) --> (476, 2591)
(476, 2591) --> (476, 2590)
(476, 2590) --> (477, 2590)
(477, 2590) --> (478, 2590)
(478, 2590) --> (478, 2589)
(478, 2589) --> (479, 2589)
(479, 2589) --> (480, 2589)
(480, 2589) --> (480, 2588)
(480, 2588) --> (481, 2588)
(481, 2588) --> (481, 2587)
(481, 2587) --> (482, 2587)
(482, 2587) --> (482, 2586)
(482, 2586) --> (483, 2586)
(483, 2586) --> (484, 2586)
(484, 2586) --> (484, 2585)
(484, 2585) --> (485, 2585)
(485, 2585) --> (485, 2584)
(485, 2584) --> (486, 2584)
(486, 2584) --> (487, 2584)
(487, 2584) --> (488, 2584)
(488, 2584) --> (488, 2583)
(488, 2583) --> (489, 2583)
(489, 2583) --> (490, 2583)
(490, 2583) --> (491, 2583)
(491, 2583) --> (492, 2583)
(492, 2583) --> (493, 2583)
(493, 2583) --> (494, 2583)
(494, 2583) --> (495, 2583)
(495, 2583) --> (496, 2583)
(496, 2583) --> (497, 2583)
(497, 2583) --> (498, 2583)
(498, 2583) --> (499, 2583)
(499, 2583) --> (500, 2583)
(500, 2583) --> (501, 2583)
(501, 2583) --> (502, 2583)
(502, 2583) --> (503, 2583)
(503, 2583) --> (504, 2583)
(504, 2583) --> (505, 2583)
(505, 2583) --> (506, 2583)
(506, 2583) --> (506, 2582)
(506, 2582) --> (506, 2581)
(506, 2581) --> (506, 2580)
(506, 2580) --> (506, 2579)
(506, 2579) --> (506, 2578)
(506, 2578) --> (506, 2577)
(506, 2577) --> (506, 2576)
(506, 2576) --> (506, 2575)
(506, 2575) --> (506, 2574)
(506, 2574) --> (506, 2573)
(506, 2573) --> (506, 2572)
(506, 2572) --> (506, 2571)
(506, 2571) --> (506, 2570)
(506, 2570) --> (506, 2569)
(506, 2569) --> (506, 2568)
(506, 2568) --> (506, 2567)
(506, 2567) --> (506, 2566)
(506, 2566) --> (506, 2565)
(506, 2565) --> (506, 2564)
(506, 2564) --> (506, 2563)
(506, 2563) --> (506, 2562)
(506, 2562) --> (506, 2561)
(506, 2561) --> (506, 2560)
(506, 2560) --> (506, 2559)
(506, 2559) --> (506, 2558)
(506, 2558) --> (506, 2557)
(506, 2557) --> (506, 2556)
(506, 2556) --> (506, 2555)
(506, 2555) --> (506, 2554)
(506, 2554) --> (506, 2553)
(506, 2553) --> (506, 2552)
(506, 2552) --> (506, 2551)
(506, 2551) --> (506, 2550)
(506, 2550) --> (506, 2549)
(506, 2549) --> (506, 2548)
(506, 2548) --> (506, 2547)
(506, 2547) --> (506, 2546)
(506, 2546) --> (506, 2545)
(506, 2545) --> (506, 2544)
(506, 2544) --> (506, 2543)
(506, 2543) --> (506, 2542)
(506, 2542) --> (506, 2541)
(506, 2541) --> (506, 2540)
(506, 2540) --> (506, 2539)
(506, 2539) --> (506, 2538)
(506, 2538) --> (506, 2537)
(506, 2537) --> (506, 2536)
(506, 2536) --> (506, 2535)
(506, 2535) --> (506, 2534)
(506, 2534) --> (506, 2533)
(506, 2533) --> (506, 2532)
(506, 2532) --> (506, 2531)
(506, 2531) --> (506, 2530)
(506, 2530) --> (506, 2529)
(506, 2529) --> (506, 2528)
(506, 2528) --> (506, 2527)
(506, 2527) --> (506, 2526)
(506, 2526) --> (507, 2526)
(507, 2526) --> (507, 2525)
(507, 2525) --> (507, 2524)
(507, 2524) --> (508, 2524)
(508, 2524) --> (508, 2523)
(508, 2523) --> (508, 2522)
(508, 2522) --> (508, 2521)
(508, 2521) --> (509, 2521)
(509, 2521) --> (509, 2520)
(509, 2520) --> (509, 2519)
(509, 2519) --> (509, 2518)
(509, 2518) --> (510, 2518)
(510, 2518) --> (510, 2517)
(510, 2517) --> (511, 2517)
(511, 2517) --> (511, 2516)
(511, 2516) --> (511, 2515)
(511, 2515) --> (512, 2515)
(512, 2515) --> (512, 2514)
(512, 2514) --> (513, 2514)
(513, 2514) --> (513, 2513)
(513, 2513) --> (514, 2513)
(514, 2513) --> (514, 2512)
(514, 2512) --> (514, 2511)
(514, 2511) --> (515, 2511)
(515, 2511) --> (515, 2510)
(515, 2510) --> (516, 2510)
(516, 2510) --> (516, 2509)
(516, 2509) --> (517, 2509)
(517, 2509) --> (517, 2508)
(517, 2508) --> (518, 2508)
(518, 2508) --> (518, 2507)
(518, 2507) --> (519, 2507)
(519, 2507) --> (519, 2506)
(519, 2506) --> (520, 2506)
(520, 2506) --> (521, 2506)
(521, 2506) --> (521, 2505)
(521, 2505) --> (522, 2505)
(522, 2505) --> (522, 2504)
(522, 2504) --> (522, 2503)
(522, 2503) --> (523, 2503)
(523, 2503) --> (523, 2502)
(523, 2502) --> (524, 2502)
(524, 2502) --> (524, 2501)
(524, 2501) --> (525, 2501)
(525, 2501) --> (526, 2501)
(526, 2501) --> (526, 2500)
(526, 2500) --> (527, 2500)
(527, 2500) --> (527, 2499)
(527, 2499) --> (528, 2499)
(528, 2499) --> (528, 2498)
(528, 2498) --> (529, 2498)
(529, 2498) --> (530, 2498)
(530, 2498) --> (530, 2497)
(530, 2497) --> (530, 2496)
(530, 2496) --> (531, 2496)
(531, 2496) --> (532, 2496)
(532, 2496) --> (533, 2496)
(533, 2496) --> (533, 2495)
(533, 2495) --> (533, 2494)
(533, 2494) --> (534, 2494)
(534, 2494) --> (534, 2493)
(534, 2493) --> (535, 2493)
(535, 2493) --> (535, 2492)
(535, 2492) --> (536, 2492)
(536, 2492) --> (536, 2491)
(536, 2491) --> (537, 2491)
(537, 2491) --> (538, 2491)
(538, 2491) --> (538, 2490)
(538, 2490) --> (539, 2490)
(539, 2490) --> (539, 2489)
(539, 2489) --> (540, 2489)
(540, 2489) --> (540, 2488)
(540, 2488) --> (541, 2488)
(541, 2488) --> (541, 2487)
(541, 2487) --> (542, 2487)
(542, 2487) --> (543, 2487)
(543, 2487) --> (543, 2486)
(543, 2486) --> (544, 2486)
(544, 2486) --> (545, 2486)
(545, 2486) --> (546, 2486)
(546, 2486) --> (547, 2486)
(547, 2486) --> (548, 2486)
(548, 2486) --> (548, 2485)
(548, 2485) --> (549, 2485)
(549, 2485) --> (550, 2485)
(550, 2485) --> (551, 2485)
(551, 2485) --> (552, 2485)
(552, 2485) --> (552, 2484)
(552, 2484) --> (553, 2484)
(553, 2484) --> (554, 2484)
(554, 2484) --> (554, 2483)
(554, 2483) --> (555, 2483)
(555, 2483) --> (556, 2483)
(556, 2483) --> (557, 2483)
(557, 2483) --> (558, 2483)
(558, 2483) --> (559, 2483)
(559, 2483) --> (560, 2483)
(560, 2483) --> (561, 2483)
(561, 2483) --> (562, 2483)
(562, 2483) --> (563, 2483)
(563, 2483) --> (564, 2483)
(564, 2483) --> (565, 2483)
(565, 2483) --> (566, 2483)
(566, 2483) --> (567, 2483)
(567, 2483) --> (568, 2483)
(568, 2483) --> (569, 2483)
(569, 2483) --> (570, 2483)
(570, 2483) --> (571, 2483)
(571, 2483) --> (572, 2483)
(572, 2483) --> (573, 2483)
(573, 2483) --> (574, 2483)
(574, 2483) --> (575, 2483)
(575, 2483) --> (575, 2482)
(575, 2482) --> (575, 2481)
(575, 2481) --> (575, 2480)
(575, 2480) --> (575, 2479)
(575, 2479) --> (575, 2478)
(575, 2478) --> (575, 2477)
(575, 2477) --> (575, 2476)
(575, 2476) --> (575, 2475)
(575, 2475) --> (575, 2474)
(575, 2474) --> (575, 2473)
(575, 2473) --> (575, 2472)
(575, 2472) --> (575, 2471)
(575, 2471) --> (575, 2470)
(575, 2470) --> (575, 2469)
(575, 2469) --> (575, 2468)
(575, 2468) --> (575, 2467)
(575, 2467) --> (575, 2466)
(575, 2466) --> (575, 2465)
(575, 2465) --> (575, 2464)
(575, 2464) --> (575, 2463)
(575, 2463) --> (575, 2462)
(575, 2462) --> (575, 2461)
(575, 2461) --> (575, 2460)
(575, 2460) --> (575, 2459)
(575, 2459) --> (575, 2458)
(575, 2458) --> (575, 2457)
(575, 2457) --> (576, 2457)
(576, 2457) --> (576, 2456)
(576, 2456) --> (577, 2456)
(577, 2456) --> (577, 2455)
(577, 2455) --> (577, 2454)
(577, 2454) --> (577, 2453)
(577, 2453) --> (578, 2453)
(578, 2453) --> (578, 2452)
(578, 2452) --> (578, 2451)
(578, 2451) --> (578, 2450)
(578, 2450) --> (579, 2450)
(579, 2450) --> (579, 2449)
(579, 2449) --> (579, 2448)
(579, 2448) --> (579, 2447)
(579, 2447) --> (580, 2447)
(580, 2447) --> (580, 2446)
(580, 2446) --> (580, 2445)
(580, 2445) --> (581, 2445)
(581, 2445) --> (581, 2444)
(581, 2444) --> (581, 2443)
(581, 2443) --> (582, 2443)
(582, 2443) --> (583, 2443)
(583, 2443) --> (583, 2442)
(583, 2442) --> (584, 2442)
(584, 2442) --> (585, 2442)
(585, 2442) --> (585, 2441)
(585, 2441) --> (586, 2441)
(586, 2441) --> (586, 2440)
(586, 2440) --> (586, 2439)
(586, 2439) --> (586, 2438)
(586, 2438) --> (586, 2437)
(586, 2437) --> (586, 2436)
(586, 2436) --> (586, 2435)
(586, 2435) --> (586, 2434)
(586, 2434) --> (586, 2433)
(586, 2433) --> (586, 2432)
(586, 2432) --> (586, 2431)
(586, 2431) --> (586, 2430)
(586, 2430) --> (586, 2429)
(586, 2429) --> (586, 2428)
(586, 2428) --> (586, 2427)
(586, 2427) --> (586, 2426)
(586, 2426) --> (586, 2425)
(586, 2425) --> (586, 2424)
(586, 2424) --> (586, 2423)
(586, 2423) --> (586, 2422)
(586, 2422) --> (586, 2421)
(586, 2421) --> (586, 2420)
(586, 2420) --> (586, 2419)
(586, 2419) --> (586, 2418)
(586, 2418) --> (586, 2417)
(586, 2417) --> (586, 2416)
(586, 2416) --> (586, 2415)
(586, 2415) --> (586, 2414)
(586, 2414) --> (586, 2413)
(586, 2413) --> (586, 2412)
(586, 2412) --> (586, 2411)
(586, 2411) --> (586, 2410)
(586, 2410) --> (586, 2409)
(586, 2409) --> (586, 2408)
(586, 2408) --> (586, 2407)
(586, 2407) --> (586, 2406)
(586, 2406) --> (586, 2405)
(586, 2405) --> (586, 2404)
(586, 2404) --> (586, 2403)
(586, 2403) --> (586, 2402)
(586, 2402) --> (586, 2401)
(586, 2401) --> (586, 2400)
(586, 2400) --> (586, 2399)
(586, 2399) --> (586, 2398)
(586, 2398) --> (586, 2397)
(586, 2397) --> (586, 2396)
(586, 2396) --> (586, 2395)
(586, 2395) --> (586, 2394)
(586, 2394) --> (586, 2393)
(586, 2393) --> (586, 2392)
(586, 2392) --> (586, 2391)
(586, 2391) --> (586, 2390)
(586, 2390) --> (586, 2389)
(586, 2389) --> (586, 2388)
(586, 2388) --> (586, 2387)
(586, 2387) --> (586, 2386)
(586, 2386) --> (586, 2385)
(586, 2385) --> (587, 2385)
(587, 2385) --> (587, 2384)
(587, 2384) --> (587, 2383)
(587, 2383) --> (587, 2382)
(587, 2382) --> (587, 2381)
(587, 2381) --> (587, 2380)
(587, 2380) --> (587, 2379)
(587, 2379) --> (587, 2378)
(587, 2378) --> (588, 2378)
(588, 2378) --> (588, 2377)
(588, 2377) --> (588, 2376)
(588, 2376) --> (588, 2375)
(588, 2375) --> (588, 2374)
(588, 2374) --> (588, 2373)
(588, 2373) --> (588, 2372)
(588, 2372) --> (588, 2371)
(588, 2371) --> (588, 2370)
(588, 2370) --> (588, 2369)
(588, 2369) --> (588, 2368)
(588, 2368) --> (589, 2368)
(589, 2368) --> (589, 2367)
(589, 2367) --> (589, 2366)
(589, 2366) --> (589, 2365)
(589, 2365) --> (589, 2364)
(589, 2364) --> (589, 2363)
(589, 2363) --> (589, 2362)
(589, 2362) --> (589, 2361)
(589, 2361) --> (589, 2360)
(589, 2360) --> (589, 2359)
(589, 2359) --> (589, 2358)
(589, 2358) --> (589, 2357)
(589, 2357) --> (589, 2356)
(589, 2356) --> (590, 2356)
(590, 2356) --> (590, 2355)
(590, 2355) --> (590, 2354)
(590, 2354) --> (590, 2353)
(590, 2353) --> (590, 2352)
(590, 2352) --> (590, 2351)
(590, 2351) --> (590, 2350)
(590, 2350) --> (590, 2349)
(590, 2349) --> (590, 2348)
(590, 2348) --> (590, 2347)
(590, 2347) --> (590, 2346)
(590, 2346) --> (590, 2345)
(590, 2345) --> (590, 2344)
(590, 2344) --> (590, 2343)
(590, 2343) --> (590, 2342)
(590, 2342) --> (590, 2341)
(590, 2341) --> (590, 2340)
(590, 2340) --> (590, 2339)
(590, 2339) --> (590, 2338)
(590, 2338) --> (590, 2337)
(590, 2337) --> (590, 2336)
(590, 2336) --> (590, 2335)
(590, 2335) --> (590, 2334)
(590, 2334) --> (590, 2333)
(590, 2333) --> (590, 2332)
(590, 2332) --> (590, 2331)
(590, 2331) --> (591, 2331)
(591, 2331) --> (591, 2330)
(591, 2330) --> (591, 2329)
(591, 2329) --> (591, 2328)
(591, 2328) --> (592, 2328)
(592, 2328) --> (592, 2327)
(592, 2327) --> (592, 2326)
(592, 2326) --> (592, 2325)
(592, 2325) --> (592, 2324)
(592, 2324) --> (592, 2323)
(592, 2323) --> (592, 2322)
(592, 2322) --> (592, 2321)
(592, 2321) --> (593, 2321)
(593, 2321) --> (593, 2320)
(593, 2320) --> (593, 2319)
(593, 2319) --> (594, 2319)
(594, 2319) --> (594, 2318)
(594, 2318) --> (595, 2318)
(595, 2318) --> (596, 2318)
(596, 2318) --> (596, 2317)
(596, 2317) --> (596, 2316)
(596, 2316) --> (596, 2315)
(596, 2315) --> (597, 2315)
(597, 2315) --> (598, 2315)
(598, 2315) --> (599, 2315)
(599, 2315) --> (599, 2314)
(599, 2314) --> (600, 2314)
(600, 2314) --> (601, 2314)
(601, 2314) --> (601, 2313)
(601, 2313) --> (601, 2312)
(601, 2312) --> (601, 2311)
(601, 2311) --> (601, 2310)
(601, 2310) --> (601, 2309)
(601, 2309) --> (601, 2308)
(601, 2308) --> (601, 2307)
(601, 2307) --> (601, 2306)
(601, 2306) --> (602, 2306)
(602, 2306) --> (603, 2306)
(603, 2306) --> (604, 2306)
(604, 2306) --> (604, 2305)
(604, 2305) --> (604, 2304)
(604, 2304) --> (605, 2304)
(605, 2304) --> (606, 2304)
(606, 2304) --> (606, 2303)
(606, 2303) --> (606, 2302)
(606, 2302) --> (607, 2302)
(607, 2302) --> (608, 2302)
(608, 2302) --> (608, 2301)
(608, 2301) --> (608, 2300)
(608, 2300) --> (609, 2300)
(609, 2300) --> (610, 2300)
(610, 2300) --> (610, 2299)
(610, 2299) --> (611, 2299)
(611, 2299) --> (611, 2298)
(611, 2298) --> (612, 2298)
(612, 2298) --> (613, 2298)
(613, 2298) --> (614, 2298)
(614, 2298) --> (615, 2298)
(615, 2298) --> (615, 2297)
(615, 2297) --> (615, 2296)
(615, 2296) --> (615, 2295)
(615, 2295) --> (615, 2294)
(615, 2294) --> (615, 2293)
(615, 2293) --> (616, 2293)
(616, 2293) --> (616, 2292)
(616, 2292) --> (616, 2291)
(616, 2291) --> (617, 2291)
(617, 2291) --> (618, 2291)
(618, 2291) --> (618, 2290)
(618, 2290) --> (619, 2290)
(619, 2290) --> (620, 2290)
(620, 2290) --> (620, 2289)
(620, 2289) --> (620, 2288)
(620, 2288) --> (620, 2287)
(620, 2287) --> (621, 2287)
(621, 2287) --> (622, 2287)
(622, 2287) --> (623, 2287)
(623, 2287) --> (623, 2286)
(623, 2286) --> (624, 2286)
(624, 2286) --> (625, 2286)
(625, 2286) --> (625, 2285)
(625, 2285) --> (626, 2285)
(626, 2285) --> (626, 2284)
(626, 2284) --> (627, 2284)
(627, 2284) --> (627, 2283)
(627, 2283) --> (627, 2282)
(627, 2282) --> (628, 2282)
(628, 2282) --> (628, 2281)
(628, 2281) --> (628, 2280)
(628, 2280) --> (629, 2280)
(629, 2280) --> (630, 2280)
(630, 2280) --> (631, 2280)
(631, 2280) --> (631, 2279)
(631, 2279) --> (632, 2279)
(632, 2279) --> (632, 2278)
(632, 2278) --> (633, 2278)
(633, 2278) --> (634, 2278)
(634, 2278) --> (634, 2277)
(634, 2277) --> (635, 2277)
(635, 2277) --> (636, 2277)
(636, 2277) --> (636, 2276)
(636, 2276) --> (637, 2276)
(637, 2276) --> (637, 2275)
(637, 2275) --> (638, 2275)
(638, 2275) --> (638, 2274)
(638, 2274) --> (639, 2274)
(639, 2274) --> (640, 2274)
(640, 2274) --> (640, 2273)
(640, 2273) --> (641, 2273)
(641, 2273) --> (642, 2273)
(642, 2273) --> (642, 2272)
(642, 2272) --> (642, 2271)
(642, 2271) --> (643, 2271)
(643, 2271) --> (644, 2271)
(644, 2271) --> (644, 2270)
(644, 2270) --> (644, 2269)
(644, 2269) --> (645, 2269)
(645, 2269) --> (645, 2268)
(645, 2268) --> (646, 2268)
(646, 2268) --> (646, 2267)
(646, 2267) --> (647, 2267)
(647, 2267) --> (647, 2266)
(647, 2266) --> (648, 2266)
(648, 2266) --> (648, 2265)
(648, 2265) --> (648, 2264)
(648, 2264) --> (649, 2264)
(649, 2264) --> (649, 2263)
(649, 2263) --> (650, 2263)
(650, 2263) --> (651, 2263)
(651, 2263) --> (652, 2263)
(652, 2263) --> (652, 2262)
(652, 2262) --> (653, 2262)
(653, 2262) --> (654, 2262)
(654, 2262) --> (654, 2261)
(654, 2261) --> (655, 2261)
(655, 2261) --> (656, 2261)
(656, 2261) --> (656, 2260)
(656, 2260) --> (657, 2260)
(657, 2260) --> (658, 2260)
(658, 2260) --> (658, 2259)
(658, 2259) --> (658, 2258)
(658, 2258) --> (659, 2258)
(659, 2258) --> (659, 2257)
(659, 2257) --> (660, 2257)
(660, 2257) --> (661, 2257)
(661, 2257) --> (662, 2257)
(662, 2257) --> (662, 2256)
(662, 2256) --> (663, 2256)
(663, 2256) --> (663, 2255)
(663, 2255) --> (664, 2255)
(664, 2255) --> (665, 2255)
(665, 2255) --> (665, 2254)
(665, 2254) --> (666, 2254)
(666, 2254) --> (667, 2254)
(667, 2254) --> (668, 2254)
(668, 2254) --> (669, 2254)
(669, 2254) --> (670, 2254)
(670, 2254) --> (670, 2253)
(670, 2253) --> (671, 2253)
(671, 2253) --> (672, 2253)
(672, 2253) --> (673, 2253)
(673, 2253) --> (674, 2253)
(674, 2253) --> (675, 2253)
(675, 2253) --> (675, 2252)
(675, 2252) --> (676, 2252)
(676, 2252) --> (677, 2252)
(677, 2252) --> (678, 2252)
(678, 2252) --> (678, 2251)
(678, 2251) --> (679, 2251)
(679, 2251) --> (680, 2251)
(680, 2251) --> (681, 2251)
(681, 2251) --> (682, 2251)
(682, 2251) --> (683, 2251)
(683, 2251) --> (683, 2250)
(683, 2250) --> (684, 2250)
(684, 2250) --> (685, 2250)
(685, 2250) --> (686, 2250)
(686, 2250) --> (687, 2250)
(687, 2250) --> (687, 2249)
(687, 2249) --> (688, 2249)
(688, 2249) --> (689, 2249)
(689, 2249) --> (690, 2249)
(690, 2249) --> (690, 2248)
(690, 2248) --> (691, 2248)
(691, 2248) --> (692, 2248)
(692, 2248) --> (693, 2248)
(693, 2248) --> (693, 2247)
(693, 2247) --> (694, 2247)
(694, 2247) --> (694, 2246)
(694, 2246) --> (694, 2245)
(694, 2245) --> (695, 2245)
(695, 2245) --> (696, 2245)
(696, 2245) --> (697, 2245)
(697, 2245) --> (698, 2245)
(698, 2245) --> (699, 2245)
(699, 2245) --> (699, 2244)
(699, 2244) --> (700, 2244)
(700, 2244) --> (701, 2244)
(701, 2244) --> (701, 2243)
(701, 2243) --> (702, 2243)
(702, 2243) --> (702, 2242)
(702, 2242) --> (703, 2242)
(703, 2242) --> (703, 2241)
(703, 2241) --> (704, 2241)
(704, 2241) --> (705, 2241)
(705, 2241) --> (705, 2240)
(705, 2240) --> (706, 2240)
(706, 2240) --> (707, 2240)
(707, 2240) --> (707, 2239)
(707, 2239) --> (708, 2239)
(708, 2239) --> (709, 2239)
(709, 2239) --> (710, 2239)
(710, 2239) --> (710, 2238)
(710, 2238) --> (711, 2238)
(711, 2238) --> (711, 2237)
(711, 2237) --> (712, 2237)
(712, 2237) --> (712, 2236)
(712, 2236) --> (713, 2236)
(713, 2236) --> (713, 2235)
(713, 2235) --> (714, 2235)
(714, 2235) --> (714, 2234)
(714, 2234) --> (715, 2234)
(715, 2234) --> (715, 2233)
(715, 2233) --> (715, 2232)
(715, 2232) --> (716, 2232)
(716, 2232) --> (717, 2232)
(717, 2232) --> (717, 2231)
(717, 2231) --> (718, 2231)
(718, 2231) --> (719, 2231)
(719, 2231) --> (719, 2230)
(719, 2230) --> (720, 2230)
(720, 2230) --> (720, 2229)
(720, 2229) --> (721, 2229)
(721, 2229) --> (722, 2229)
(722, 2229) --> (722, 2228)
(722, 2228) --> (723, 2228)
(723, 2228) --> (723, 2227)
(723, 2227) --> (724, 2227)
(724, 2227) --> (725, 2227)
(725, 2227) --> (725, 2226)
(725, 2226) --> (726, 2226)
(726, 2226) --> (727, 2226)
(727, 2226) --> (727, 2225)
(727, 2225) --> (728, 2225)
(728, 2225) --> (728, 2224)
(728, 2224) --> (728, 2223)
(728, 2223) --> (729, 2223)
(729, 2223) --> (730, 2223)
(730, 2223) --> (730, 2222)
(730, 2222) --> (731, 2222)
(731, 2222) --> (731, 2221)
(731, 2221) --> (732, 2221)
(732, 2221) --> (732, 2220)
(732, 2220) --> (733, 2220)
(733, 2220) --> (733, 2219)
(733, 2219) --> (734, 2219)
(734, 2219) --> (734, 2218)
(734, 2218) --> (735, 2218)
(735, 2218) --> (735, 2217)
(735, 2217) --> (736, 2217)
(736, 2217) --> (737, 2217)
(737, 2217) --> (738, 2217)
(738, 2217) --> (739, 2217)
(739, 2217) --> (739, 2216)
(739, 2216) --> (740, 2216)
(740, 2216) --> (741, 2216)
(741, 2216) --> (741, 2215)
(741, 2215) --> (742, 2215)
(742, 2215) --> (742, 2214)
(742, 2214) --> (743, 2214)
(743, 2214) --> (743, 2213)
(743, 2213) --> (744, 2213)
(744, 2213) --> (745, 2213)
(745, 2213) --> (746, 2213)
(746, 2213) --> (746, 2212)
(746, 2212) --> (747, 2212)
(747, 2212) --> (747, 2211)
(747, 2211) --> (748, 2211)
(748, 2211) --> (749, 2211)
(749, 2211) --> (750, 2211)
(750, 2211) --> (750, 2210)
(750, 2210) --> (751, 2210)
(751, 2210) --> (752, 2210)
(752, 2210) --> (752, 2209)
(752, 2209) --> (753, 2209)
(753, 2209) --> (754, 2209)
(754, 2209) --> (754, 2208)
(754, 2208) --> (755, 2208)
(755, 2208) --> (755, 2207)
(755, 2207) --> (756, 2207)
(756, 2207) --> (757, 2207)
(757, 2207) --> (757, 2206)
(757, 2206) --> (757, 2205)
(757, 2205) --> (758, 2205)
(758, 2205) --> (759, 2205)
(759, 2205) --> (759, 2204)
(759, 2204) --> (760, 2204)
(760, 2204) --> (760, 2203)
(760, 2203) --> (761, 2203)
(761, 2203) --> (762, 2203)
(762, 2203) --> (762, 2202)
(762, 2202) --> (763, 2202)
(763, 2202) --> (764, 2202)
(764, 2202) --> (765, 2202)
(765, 2202) --> (766, 2202)
(766, 2202) --> (767, 2202)
(767, 2202) --> (767, 2201)
(767, 2201) --> (768, 2201)
(768, 2201) --> (769, 2201)
(769, 2201) --> (770, 2201)
(770, 2201) --> (771, 2201)
(771, 2201) --> (771, 2200)
(771, 2200) --> (772, 2200)
(772, 2200) --> (772, 2199)
(772, 2199) --> (773, 2199)
(773, 2199) --> (774, 2199)
(774, 2199) --> (775, 2199)
(775, 2199) --> (776, 2199)
(776, 2199) --> (777, 2199)
(777, 2199) --> (778, 2199)
(778, 2199) --> (778, 2198)
(778, 2198) --> (779, 2198)
(779, 2198) --> (780, 2198)
(780, 2198) --> (781, 2198)
(781, 2198) --> (782, 2198)
(782, 2198) --> (783, 2198)
(783, 2198) --> (784, 2198)
(784, 2198) --> (785, 2198)
(785, 2198) --> (786, 2198)
(786, 2198) --> (787, 2198)
(787, 2198) --> (788, 2198)
(788, 2198) --> (789, 2198)
(789, 2198) --> (790, 2198)
(790, 2198) --> (791, 2198)
(791, 2198) --> (792, 2198)
(792, 2198) --> (793, 2198)
(793, 2198) --> (794, 2198)
(794, 2198) --> (795, 2198)
(795, 2198) --> (796, 2198)
(796, 2198) --> (797, 2198)
(797, 2198) --> (798, 2198)
(798, 2198) --> (799, 2198)
(799, 2198) --> (800, 2198)
(800, 2198) --> (801, 2198)
(801, 2198) --> (802, 2198)
(802, 2198) --> (803, 2198)
(803, 2198) --> (804, 2198)
(804, 2198) --> (805, 2198)
(805, 2198) --> (806, 2198)
(806, 2198) --> (807, 2198)
(807, 2198) --> (808, 2198)
(808, 2198) --> (809, 2198)
(809, 2198) --> (810, 2198)
(810, 2198) --> (811, 2198)
(811, 2198) --> (812, 2198)
(812, 2198) --> (813, 2198)
(813, 2198) --> (814, 2198)
(814, 2198) --> (815, 2198)
(815, 2198) --> (816, 2198)
(816, 2198) --> (817, 2198)
(817, 2198) --> (818, 2198)
(818, 2198) --> (819, 2198)
(819, 2198) --> (819, 2197)
(819, 2197) --> (819, 2196)
(819, 2196) --> (820, 2196)
(820, 2196) --> (820, 2195)
(820, 2195) --> (820, 2194)
(820, 2194) --> (821, 2194)
(821, 2194) --> (821, 2193)
(821, 2193) --> (822, 2193)
(822, 2193) --> (822, 2192)
(822, 2192) --> (823, 2192)
(823, 2192) --> (823, 2191)
(823, 2191) --> (824, 2191)
(824, 2191) --> (824, 2192)
(824, 2192) --> (825, 2192)
(825, 2192) --> (826, 2192)
(826, 2192) --> (827, 2192)
(827, 2192) --> (828, 2192)
(828, 2192) --> (829, 2192)
(829, 2192) --> (830, 2192)
(830, 2192) --> (831, 2192)
(831, 2192) --> (832, 2192)
(832, 2192) --> (833, 2192)
(833, 2192) --> (834, 2192)
(834, 2192) --> (835, 2192)
(835, 2192) --> (836, 2192)
(836, 2192) --> (837, 2192)
(837, 2192) --> (838, 2192)
(838, 2192) --> (839, 2192)
(839, 2192) --> (840, 2192)
(840, 2192) --> (841, 2192)
(841, 2192) --> (842, 2192)
(842, 2192) --> (843, 2192)
(843, 2192) --> (844, 2192)
(844, 2192) --> (845, 2192)
(845, 2192) --> (845, 2191)
(845, 2191) --> (846, 2191)
(846, 2191) --> (847, 2191)
(847, 2191) --> (848, 2191)
(848, 2191) --> (849, 2191)
(849, 2191) --> (850, 2191)
(850, 2191) --> (851, 2191)
(851, 2191) --> (852, 2191)
(852, 2191) --> (853, 2191)
(853, 2191) --> (854, 2191)
(854, 2191) --> (855, 2191)
(855, 2191) --> (856, 2191)
(856, 2191) --> (857, 2191)
(857, 2191) --> (858, 2191)
(858, 2191) --> (859, 2191)
(859, 2191) --> (860, 2191)
(860, 2191) --> (861, 2191)
(861, 2191) --> (862, 2191)
(862, 2191) --> (863, 2191)
(863, 2191) --> (864, 2191)
(864, 2191) --> (865, 2191)
(865, 2191) --> (866, 2191)
(866, 2191) --> (867, 2191)
(867, 2191) --> (868, 2191)
(868, 2191) --> (869, 2191)
(869, 2191) --> (870, 2191)
(870, 2191) --> (871, 2191)
(871, 2191) --> (872, 2191)
(872, 2191) --> (873, 2191)
(873, 2191) --> (874, 2191)
(874, 2191) --> (875, 2191)
(875, 2191) --> (876, 2191)
(876, 2191) --> (877, 2191)
(877, 2191) --> (878, 2191)
(878, 2191) --> (879, 2191)
(879, 2191) --> (880, 2191)
(880, 2191) --> (881, 2191)
(881, 2191) --> (882, 2191)
(882, 2191) --> (883, 2191)
(883, 2191) --> (884, 2191)
(884, 2191) --> (885, 2191)
(885, 2191) --> (886, 2191)
(886, 2191) --> (887, 2191)
(887, 2191) --> (888, 2191)
(888, 2191) --> (889, 2191)
(889, 2191) --> (890, 2191)
(890, 2191) --> (891, 2191)
(891, 2191) --> (892, 2191)
(892, 2191) --> (893, 2191)
(893, 2191) --> (894, 2191)
(894, 2191) --> (895, 2191)
(895, 2191) --> (896, 2191)
(896, 2191) --> (897, 2191)
(897, 2191) --> (898, 2191)
(898, 2191) --> (899, 2191)
(899, 2191) --> (900, 2191)
(900, 2191) --> (901, 2191)
(901, 2191) --> (902, 2191)
(902, 2191) --> (903, 2191)
(903, 2191) --> (904, 2191)
(904, 2191) --> (905, 2191)
(905, 2191) --> (906, 2191)
(906, 2191) --> (907, 2191)
(907, 2191) --> (908, 2191)
(908, 2191) --> (909, 2191)
(909, 2191) --> (910, 2191)
(910, 2191) --> (911, 2191)
(911, 2191) --> (912, 2191)
(912, 2191) --> (913, 2191)
(913, 2191) --> (914, 2191)
(914, 2191) --> (915, 2191)
(915, 2191) --> (916, 2191)
(916, 2191) --> (917, 2191)
(917, 2191) --> (918, 2191)
(918, 2191) --> (919, 2191)
(919, 2191) --> (920, 2191)
(920, 2191) --> (921, 2191)
(921, 2191) --> (922, 2191)
(922, 2191) --> (923, 2191)
(923, 2191) --> (923, 2190)
(923, 2190) --> (923, 2189)
(923, 2189) --> (924, 2189)
(924, 2189) --> (924, 2188)
(924, 2188) --> (925, 2188)
(925, 2188) --> (925, 2187)
(925, 2187) --> (925, 2186)
(925, 2186) --> (925, 2185)
(925, 2185) --> (926, 2185)
(926, 2185) --> (926, 2184)
(926, 2184) --> (927, 2184)
(927, 2184) --> (928, 2184)
(928, 2184) --> (929, 2184)
(929, 2184) --> (929, 2183)
(929, 2183) --> (930, 2183)
(930, 2183) --> (930, 2182)
(930, 2182) --> (930, 2181)
(930, 2181) --> (931, 2181)
(931, 2181) --> (931, 2180)
(931, 2180) --> (932, 2180)
(932, 2180) --> (933, 2180)
(933, 2180) --> (933, 2179)
(933, 2179) --> (934, 2179)
(934, 2179) --> (934, 2178)
(934, 2178) --> (934, 2177)
(934, 2177) --> (934, 2176)
(934, 2176) --> (935, 2176)
(935, 2176) --> (936, 2176)
(936, 2176) --> (937, 2176)
(937, 2176) --> (937, 2175)
(937, 2175) --> (937, 2174)
(937, 2174) --> (937, 2173)
(937, 2173) --> (937, 2172)
(937, 2172) --> (937, 2171)
(937, 2171) --> (937, 2170)
(937, 2170) --> (938, 2170)
(938, 2170) --> (939, 2170)
(939, 2170) --> (939, 2169)
(939, 2169) --> (940, 2169)
(940, 2169) --> (940, 2168)
(940, 2168) --> (940, 2167)
(940, 2167) --> (941, 2167)
(941, 2167) --> (941, 2166)
(941, 2166) --> (941, 2165)
(941, 2165) --> (942, 2165)
(942, 2165) --> (942, 2164)
(942, 2164) --> (942, 2163)
(942, 2163) --> (942, 2162)
(942, 2162) --> (943, 2162)
(943, 2162) --> (943, 2161)
(943, 2161) --> (944, 2161)
(944, 2161) --> (944, 2160)
(944, 2160) --> (944, 2159)
(944, 2159) --> (945, 2159)
(945, 2159) --> (945, 2158)
(945, 2158) --> (946, 2158)
(946, 2158) --> (946, 2157)
(946, 2157) --> (946, 2156)
(946, 2156) --> (946, 2155)
(946, 2155) --> (947, 2155)
(947, 2155) --> (947, 2154)
(947, 2154) --> (948, 2154)
(948, 2154) --> (948, 2153)
(948, 2153) --> (949, 2153)
(949, 2153) --> (949, 2152)
(949, 2152) --> (950, 2152)
(950, 2152) --> (950, 2151)
(950, 2151) --> (951, 2151)
(951, 2151) --> (951, 2150)
(951, 2150) --> (951, 2149)
(951, 2149) --> (952, 2149)
(952, 2149) --> (952, 2148)
(952, 2148) --> (953, 2148)
(953, 2148) --> (953, 2147)
(953, 2147) --> (953, 2146)
(953, 2146) --> (953, 2145)
(953, 2145) --> (954, 2145)
(954, 2145) --> (954, 2144)
(954, 2144) --> (954, 2143)
(954, 2143) --> (955, 2143)
(955, 2143) --> (955, 2142)
(955, 2142) --> (956, 2142)
(956, 2142) --> (956, 2141)
(956, 2141) --> (957, 2141)
(957, 2141) --> (957, 2140)
(957, 2140) --> (958, 2140)
(958, 2140) --> (958, 2139)
(958, 2139) --> (959, 2139)
(959, 2139) --> (959, 2138)
(959, 2138) --> (960, 2138)
(960, 2138) --> (960, 2137)
(960, 2137) --> (960, 2136)
(960, 2136) --> (960, 2135)
(960, 2135) --> (961, 2135)
(961, 2135) --> (961, 2134)
(961, 2134) --> (962, 2134)
(962, 2134) --> (962, 2133)
(962, 2133) --> (963, 2133)
(963, 2133) --> (963, 2132)
(963, 2132) --> (964, 2132)
(964, 2132) --> (964, 2131)
(964, 2131) --> (965, 2131)
(965, 2131) --> (965, 2130)
(965, 2130) --> (966, 2130)
(966, 2130) --> (967, 2130)
(967, 2130) --> (968, 2130)
(968, 2130) --> (969, 2130)
(969, 2130) --> (970, 2130)
(970, 2130) --> (971, 2130)
(971, 2130) --> (971, 2129)
(971, 2129) --> (972, 2129)
(972, 2129) --> (973, 2129)
(973, 2129) --> (974, 2129)
(974, 2129) --> (975, 2129)
(975, 2129) --> (976, 2129)
(976, 2129) --> (977, 2129)
(977, 2129) --> (978, 2129)
(978, 2129) --> (979, 2129)
(979, 2129) --> (980, 2129)
(980, 2129) --> (981, 2129)
(981, 2129) --> (982, 2129)
(982, 2129) --> (983, 2129)
(983, 2129) --> (984, 2129)
(984, 2129) --> (985, 2129)
(985, 2129) --> (986, 2129)
(986, 2129) --> (987, 2129)
(987, 2129) --> (988, 2129)
(988, 2129) --> (989, 2129)
(989, 2129) --> (990, 2129)
(990, 2129) --> (991, 2129)
(991, 2129) --> (992, 2129)
(992, 2129) --> (993, 2129)
(993, 2129) --> (994, 2129)
(994, 2129) --> (995, 2129)
(995, 2129) --> (996, 2129)
(996, 2129) --> (997, 2129)
(997, 2129) --> (998, 2129)
(998, 2129) --> (999, 2129)
(999, 2129) --> (1000, 2129)
(1000, 2129) --> (1001, 2129)
(1001, 2129) --> (1002, 2129)
(1002, 2129) --> (1003, 2129)
(1003, 2129) --> (1004, 2129)
(1004, 2129) --> (1005, 2129)
(1005, 2129) --> (1006, 2129)
(1006, 2129) --> (1007, 2129)
(1007, 2129) --> (1008, 2129)
(1008, 2129) --> (1009, 2129)
(1009, 2129) --> (1010, 2129)
(1010, 2129) --> (1011, 2129)
(1011, 2129) --> (1012, 2129)
(1012, 2129) --> (1013, 2129)
(1013, 2129) --> (1014, 2129)
(1014, 2129) --> (1015, 2129)
(1015, 2129) --> (1016, 2129)
(1016, 2129) --> (1017, 2129)
(1017, 2129) --> (1018, 2129)
(1018, 2129) --> (1019, 2129)
(1019, 2129) --> (1020, 2129)
(1020, 2129) --> (1021, 2129)
(1021, 2129) --> (1022, 2129)
(1022, 2129) --> (1023, 2129)
(1023, 2129) --> (1024, 2129)
(1024, 2129) --> (1025, 2129)
(1025, 2129) --> (1026, 2129)
(1026, 2129) --> (1027, 2129)
(1027, 2129) --> (1028, 2129)
(1028, 2129) --> (1029, 2129)
(1029, 2129) --> (1030, 2129)
(1030, 2129) --> (1031, 2129)
(1031, 2129) --> (1032, 2129)
(1032, 2129) --> (1033, 2129)
(1033, 2129) --> (1034, 2129)
(1034, 2129) --> (1035, 2129)
(1035, 2129) --> (1036, 2129)
(1036, 2129) --> (1037, 2129)
(1037, 2129) --> (1038, 2129)
(1038, 2129) --> (1039, 2129)
(1039, 2129) --> (1040, 2129)
(1040, 2129) --> (1041, 2129)
(1041, 2129) --> (1042, 2129)
(1042, 2129) --> (1043, 2129)
(1043, 2129) --> (1044, 2129)
(1044, 2129) --> (1045, 2129)
(1045, 2129) --> (1046, 2129)
(1046, 2129) --> (1047, 2129)
(1047, 2129) --> (1048, 2129)
(1048, 2129) --> (1048, 2128)
(1048, 2128) --> (1048, 2127)
(1048, 2127) --> (1048, 2126)
(1048, 2126) --> (1048, 2125)
(1048, 2125) --> (1048, 2124)
(1048, 2124) --> (1048, 2123)
(1048, 2123) --> (1048, 2122)
(1048, 2122) --> (1048, 2121)
(1048, 2121) --> (1048, 2120)
(1048, 2120) --> (1048, 2119)
(1048, 2119) --> (1048, 2118)
(1048, 2118) --> (1048, 2117)
(1048, 2117) --> (1048, 2116)
(1048, 2116) --> (1048, 2115)
(1048, 2115) --> (1048, 2114)
(1048, 2114) --> (1048, 2113)
(1048, 2113) --> (1048, 2112)
(1048, 2112) --> (1048, 2111)
(1048, 2111) --> (1048, 2110)
(1048, 2110) --> (1048, 2109)
(1048, 2109) --> (1048, 2108)
(1048, 2108) --> (1048, 2107)
(1048, 2107) --> (1048, 2106)
(1048, 2106) --> (1048, 2105)
(1048, 2105) --> (1048, 2104)
(1048, 2104) --> (1048, 2103)
(1048, 2103) --> (1048, 2102)
(1048, 2102) --> (1048, 2101)
(1048, 2101) --> (1048, 2100)
(1048, 2100) --> (1048, 2099)
(1048, 2099) --> (1048, 2098)
(1048, 2098) --> (1048, 2097)
(1048, 2097) --> (1048, 2096)
(1048, 2096) --> (1048, 2095)
(1048, 2095) --> (1048, 2094)
(1048, 2094) --> (1048, 2093)
(1048, 2093) --> (1048, 2092)
(1048, 2092) --> (1048, 2091)
(1048, 2091) --> (1048, 2090)
(1048, 2090) --> (1048, 2089)
(1048, 2089) --> (1048, 2088)
(1048, 2088) --> (1048, 2087)
(1048, 2087) --> (1048, 2086)
(1048, 2086) --> (1048, 2085)
(1048, 2085) --> (1048, 2084)
(1048, 2084) --> (1048, 2083)
(1048, 2083) --> (1048, 2082)
(1048, 2082) --> (1048, 2081)
(1048, 2081) --> (1048, 2080)
(1048, 2080) --> (1048, 2079)
(1048, 2079) --> (1048, 2078)
(1048, 2078) --> (1048, 2077)
(1048, 2077) --> (1048, 2076)
(1048, 2076) --> (1048, 2075)
(1048, 2075) --> (1048, 2074)
(1048, 2074) --> (1048, 2073)
(1048, 2073) --> (1048, 2072)
(1048, 2072) --> (1048, 2071)
(1048, 2071) --> (1048, 2070)
(1048, 2070) --> (1048, 2069)
(1048, 2069) --> (1048, 2068)
(1048, 2068) --> (1048, 2067)
(1048, 2067) --> (1048, 2066)
(1048, 2066) --> (1048, 2065)
(1048, 2065) --> (1048, 2064)
(1048, 2064) --> (1048, 2063)
(1048, 2063) --> (1048, 2062)
(1048, 2062) --> (1048, 2061)
(1048, 2061) --> (1048, 2060)
(1048, 2060) --> (1048, 2059)
(1048, 2059) --> (1048, 2058)
(1048, 2058) --> (1048, 2057)
(1048, 2057) --> (1048, 2056)
(1048, 2056) --> (1048, 2055)
(1048, 2055) --> (1048, 2054)
(1048, 2054) --> (1048, 2053)
(1048, 2053) --> (1048, 2052)
(1048, 2052) --> (1048, 2051)
(1048, 2051) --> (1048, 2050)
(1048, 2050) --> (1048, 2049)
(1048, 2049) --> (1048, 2048)
(1048, 2048) --> (1048, 2047)
(1048, 2047) --> (1048, 2046)
(1048, 2046) --> (1048, 2045)
(1048, 2045) --> (1048, 2044)
(1048, 2044) --> (1048, 2043)
(1048, 2043) --> (1048, 2042)
(1048, 2042) --> (1048, 2041)
(1048, 2041) --> (1048, 2040)
(1048, 2040) --> (1048, 2039)
(1048, 2039) --> (1048, 2038)
(1048, 2038) --> (1048, 2037)
(1048, 2037) --> (1048, 2036)
(1048, 2036) --> (1048, 2035)
(1048, 2035) --> (1048, 2034)
(1048, 2034) --> (1048, 2033)
(1048, 2033) --> (1048, 2032)
(1048, 2032) --> (1048, 2031)
(1048, 2031) --> (1048, 2030)
(1048, 2030) --> (1048, 2029)
(1048, 2029) --> (1048, 2028)
(1048, 2028) --> (1048, 2027)
(1048, 2027) --> (1048, 2026)
(1048, 2026) --> (1048, 2025)
(1048, 2025) --> (1048, 2024)
(1048, 2024) --> (1048, 2023)
(1048, 2023) --> (1048, 2022)
(1048, 2022) --> (1048, 2021)
(1048, 2021) --> (1048, 2020)
(1048, 2020) --> (1048, 2019)
(1048, 2019) --> (1048, 2018)
(1048, 2018) --> (1048, 2017)
(1048, 2017) --> (1048, 2016)
(1048, 2016) --> (1048, 2015)
(1048, 2015) --> (1048, 2014)
(1048, 2014) --> (1048, 2013)
(1048, 2013) --> (1048, 2012)
(1048, 2012) --> (1048, 2011)
(1048, 2011) --> (1048, 2010)
(1048, 2010) --> (1048, 2009)
(1048, 2009) --> (1048, 2008)
(1048, 2008) --> (1048, 2007)
(1048, 2007) --> (1048, 2006)
(1048, 2006) --> (1048, 2005)
(1048, 2005) --> (1048, 2004)
(1048, 2004) --> (1048, 2003)
(1048, 2003) --> (1048, 2002)
(1048, 2002) --> (1048, 2001)
(1048, 2001) --> (1048, 2000)
(1048, 2000) --> (1048, 1999)
(1048, 1999) --> (1048, 1998)
(1048, 1998) --> (1048, 1997)
(1048, 1997) --> (1048, 1996)
(1048, 1996) --> (1048, 1995)
(1048, 1995) --> (1048, 1994)
(1048, 1994) --> (1048, 1993)
(1048, 1993) --> (1048, 1992)
(1048, 1992) --> (1048, 1991)
(1048, 1991) --> (1048, 1990)
(1048, 1990) --> (1048, 1989)
(1048, 1989) --> (1048, 1988)
(1048, 1988) --> (1048, 1987)
(1048, 1987) --> (1048, 1986)
(1048, 1986) --> (1047, 1986)
(1047, 1986) --> (1046, 1986)
(1046, 1986) --> (1045, 1986)
(1045, 1986) --> (1044, 1986)
(1044, 1986) --> (1043, 1986)
(1043, 1986) --> (1042, 1986)
(1042, 1986) --> (1041, 1986)
(1041, 1986) --> (1040, 1986)
(1040, 1986) --> (1039, 1986)
(1039, 1986) --> (1038, 1986)
(1038, 1986) --> (1037, 1986)
(1037, 1986) --> (1036, 1986)
(1036, 1986) --> (1035, 1986)
(1035, 1986) --> (1034, 1986)
(1034, 1986) --> (1033, 1986)
(1033, 1986) --> (1032, 1986)
(1032, 1986) --> (1031, 1986)
(1031, 1986) --> (1030, 1986)
(1030, 1986) --> (1029, 1986)
(1029, 1986) --> (1028, 1986)
(1028, 1986) --> (1027, 1986)
(1027, 1986) --> (1026, 1986)
(1026, 1986) --> (1025, 1986)
(1025, 1986) --> (1024, 1986)
(1024, 1986) --> (1023, 1986)
(1023, 1986) --> (1022, 1986)
(1022, 1986) --> (1021, 1986)
(1021, 1986) --> (1020, 1986)
(1020, 1986) --> (1019, 1986)
(1019, 1986) --> (1018, 1986)
(1018, 1986) --> (1017, 1986)
(1017, 1986) --> (1016, 1986)
(1016, 1986) --> (1015, 1986)
(1015, 1986) --> (1014, 1986)
(1014, 1986) --> (1013, 1986)
(1013, 1986) --> (1012, 1986)
(1012, 1986) --> (1011, 1986)
(1011, 1986) --> (1010, 1986)
(1010, 1986) --> (1009, 1986)
(1009, 1986) --> (1008, 1986)
(1008, 1986) --> (1007, 1986)
(1007, 1986) --> (1006, 1986)
(1006, 1986) --> (1005, 1986)
(1005, 1986) --> (1004, 1986)
(1004, 1986) --> (1003, 1986)
(1003, 1986) --> (1002, 1986)
(1002, 1986) --> (1001, 1986)
(1001, 1986) --> (1000, 1986)
(1000, 1986) --> (999, 1986)
(999, 1986) --> (998, 1986)
(998, 1986) --> (997, 1986)
(997, 1986) --> (996, 1986)
(996, 1986) --> (995, 1986)
(995, 1986) --> (994, 1986)
(994, 1986) --> (993, 1986)
(993, 1986) --> (992, 1986)
(992, 1986) --> (991, 1986)
(991, 1986) --> (990, 1986)
(990, 1986) --> (989, 1986)
(989, 1986) --> (988, 1986)
(988, 1986) --> (987, 1986)
(987, 1986) --> (986, 1986)
(986, 1986) --> (985, 1986)
(985, 1986) --> (984, 1986)
(984, 1986) --> (983, 1986)
(983, 1986) --> (982, 1986)
(982, 1986) --> (981, 1986)
(981, 1986) --> (980, 1986)
(980, 1986) --> (979, 1986)
(979, 1986) --> (978, 1986)
(978, 1986) --> (977, 1986)
(977, 1986) --> (976, 1986)
(976, 1986) --> (975, 1986)
(975, 1986) --> (974, 1986)
(974, 1986) --> (973, 1986)
(973, 1986) --> (972, 1986)
(972, 1986) --> (971, 1986)
(971, 1986) --> (970, 1986)
(970, 1986) --> (969, 1986)
(969, 1986) --> (968, 1986)
(968, 1986) --> (967, 1986)
(967, 1986) --> (966, 1986)
(966, 1986) --> (965, 1986)
(965, 1986) --> (964, 1986)
(964, 1986) --> (963, 1986)
(963, 1986) --> (962, 1986)
(962, 1986) --> (961, 1986)
(961, 1986) --> (960, 1986)
(960, 1986) --> (959, 1986)
(959, 1986) --> (958, 1986)
(958, 1986) --> (957, 1986)
(957, 1986) --> (956, 1986)
(956, 1986) --> (955, 1986)
(955, 1986) --> (954, 1986)
(954, 1986) --> (953, 1986)
(953, 1986) --> (952, 1986)
(952, 1986) --> (951, 1986)
(951, 1986) --> (950, 1986)
(950, 1986) --> (949, 1986)
(949, 1986) --> (948, 1986)
(948, 1986) --> (947, 1986)
(947, 1986) --> (946, 1986)
(946, 1986) --> (945, 1986)
(945, 1986) --> (944, 1986)
(944, 1986) --> (943, 1986)
(943, 1986) --> (942, 1986)
(942, 1986) --> (941, 1986)
(941, 1986) --> (940, 1986)
(940, 1986) --> (939, 1986)
(939, 1986) --> (938, 1986)
(938, 1986) --> (937, 1986)
(937, 1986) --> (936, 1986)
(936, 1986) --> (935, 1986)
(935, 1986) --> (934, 1986)
(934, 1986) --> (933, 1986)
(933, 1986) --> (932, 1986)
(932, 1986) --> (931, 1986)
(931, 1986) --> (930, 1986)
(930, 1986) --> (929, 1986)
(929, 1986) --> (928, 1986)
(928, 1986) --> (927, 1986)
(927, 1986) --> (926, 1986)
(926, 1986) --> (925, 1986)
(925, 1986) --> (924, 1986)
(924, 1986) --> (923, 1986)
(923, 1986) --> (922, 1986)
(922, 1986) --> (921, 1986)
(921, 1986) --> (920, 1986)
(920, 1986) --> (919, 1986)
(919, 1986) --> (918, 1986)
(918, 1986) --> (917, 1986)
(917, 1986) --> (916, 1986)
(916, 1986) --> (915, 1986)
(915, 1986) --> (914, 1986)
(914, 1986) --> (913, 1986)
(913, 1986) --> (912, 1986)
(912, 1986) --> (912, 1985)
(912, 1985) --> (912, 1984)
(912, 1984) --> (912, 1983)
(912, 1983) --> (912, 1982)
(912, 1982) --> (912, 1981)
(912, 1981) --> (912, 1980)
