(494821, 3819654)-->(494871, 3819713)
(494871, 3819713)-->(497096, 3821548)
(497096, 3821548)-->(497111, 3821563)
(497111, 3821563)-->(501651, 3826243)
(501651, 3826243)-->(501642, 3826279)
(501642, 3826279)-->(501669, 3826261)
(501669, 3826261)-->(506723, 3829214)
(506723, 3829214)-->(506744, 3829228)
(506744, 3829228)-->(506741, 3829190)
(506741, 3829190)-->(517538, 3824941)
(517538, 3824941)-->(517525, 3824519)
(517525, 3824519)-->(517348, 3823835)
(517348, 3823835)-->(519092, 3823307)
(519092, 3823307)-->(519113, 3823297)
(519113, 3823297)-->(519381, 3823206)
(519381, 3823206)-->(528703, 3821706)
(528703, 3821706)-->(528925, 3821615)
(528925, 3821615)-->(528931, 3821635)
(528931, 3821635)-->(529355, 3821494)
(529355, 3821494)-->(529735, 3821562)
(529735, 3821562)-->(530340, 3821884)
(530340, 3821884)-->(531962, 3822015)
(531962, 3822015)-->(532723, 3822212)
(532723, 3822212)-->(533199, 3822362)
(533199, 3822362)-->(534084, 3822816)
(534084, 3822816)-->(535423, 3824281)
(535423, 3824281)-->(536770, 3825141)
(536770, 3825141)-->(537230, 3825513)
(537230, 3825513)-->(538051, 3826181)
(538051, 3826181)-->(538602, 3826601)
(538602, 3826601)-->(541131, 3828686)
(541131, 3828686)-->(542039, 3829121)
(542039, 3829121)-->(544401, 3830067)
(544401, 3830067)-->(545444, 3830540)
(545444, 3830540)-->(546705, 3831310)
(546705, 3831310)-->(550299, 3833045)
(550299, 3833045)-->(551473, 3833601)
(551473, 3833601)-->(553738, 3834648)
(553738, 3834648)-->(554278, 3835223)
(554278, 3835223)-->(554460, 3835341)
(554460, 3835341)-->(554655, 3835992)
(554655, 3835992)-->(554327, 3837349)
(554327, 3837349)-->(554419, 3838042)
(554419, 3838042)-->(554769, 3840871)
(554769, 3840871)-->(554812, 3841816)
(554812, 3841816)-->(555076, 3843711)
(555076, 3843711)-->(555680, 3844135)
(555680, 3844135)-->(555753, 3844494)
(555753, 3844494)-->(555754, 3844928)
(555754, 3844928)-->(556144, 3845292)
(556144, 3845292)-->(555711, 3846415)
(555711, 3846415)-->(555754, 3847201)
(555754, 3847201)-->(555823, 3848044)
(555823, 3848044)-->(555714, 3848994)
(555714, 3848994)-->(555829, 3849995)
(555829, 3849995)-->(555952, 3850438)
(555952, 3850438)-->(558468, 3851960)
(558468, 3851960)-->(558624, 3852323)
(558624, 3852323)-->(558422, 3852458)
(558422, 3852458)-->(558169, 3852917)
(558169, 3852917)-->(558190, 3852927)
(558190, 3852927)-->(557951, 3853240)
(557951, 3853240)-->(557608, 3853486)
(557608, 3853486)-->(557275, 3853723)
(557275, 3853723)-->(556947, 3853829)
(556947, 3853829)-->(556435, 3853849)
(556435, 3853849)-->(556015, 3853980)
(556015, 3853980)-->(555582, 3854151)
(555582, 3854151)-->(555191, 3854475)
(555191, 3854475)-->(554754, 3854704)
(554754, 3854704)-->(554633, 3855331)
(554633, 3855331)-->(554539, 3855523)
(554539, 3855523)-->(554326, 3856136)
