10
2257
111613
7214321
3454998227
63352305463
8710598914571
1702107390854557
229517868691044937
27404080589556234409
3698191524479975269531
22904922146812613703703
55968346047191266747696109
5733690956514851297609611813
62333244547435755727201905829
9959440396061181917316994883669
2764309752233886371337501641063341
534736768502193321515555699552267273
7230975725894972044629012833891961829
5478893858800411357507311791098278041663
745294986847831468031190984667589730158723
6587216295978881876313028028498050214086199
7349819625987105585873346698870305024022076829
303655345940909706172406316554348616557766000851
9585718827506479989020450221168377399987589558531
8364630022359209214774531726234912071137574317416793
674931844441780417611387243292053474955568689456176857
20900227852462940058016438666695830937129715180109118583
1655556741188572937272198278507422470878709744681582015043
113455612829954058406584460430576061838680963155362313895371
26735143168894903192579940594475642875338189837945075210794649
7096998907692691561726914431917014454390977705936205756143119231
417098095187232764053616452456465797884928301780889986724706598669
53538484099645979967717805901338004172934183034637695878880115078299
2924800019816783770403793565958830439491157713051124887610084791471439
558306797271416793330558785422870346689791765792212104553768270136982597
11566044903702780925417527096605296144199014120078138701877323603195477757
5284385711657340749436080808553763282788422547851676730936148300901602326111
304568960284787486556672536864175994379283287292370097892806470933925637931921
25123487309515915308869065546502513305294098311568221919373763592117311738830091
1055499339494332991670086527886898048085096873272011417379520168855658864709302969
